101
  100.0 -35.400000 148.980000
  110.0 -35.399910 148.980000
  120.0 -35.399820 148.980000
  130.0 -35.399730 148.980000
  140.0 -35.399640 148.980000
  150.0 -35.399550 148.980000  
  160.0 -35.399460 148.980000
  170.0 -35.399370 148.980000
  180.0 -35.399280 148.980000
  190.0 -35.399190 148.980000
  200.0 -35.399100 148.980000
  210.0 -35.399010 148.980000
  220.0 -35.398920 148.980000
  230.0 -35.398830 148.980000
  240.0 -35.398740 148.980000
  250.0 -35.398650 148.980000  
  260.0 -35.398560 148.980000
  270.0 -35.398470 148.980000
  280.0 -35.398380 148.980000
  290.0 -35.398290 148.980000
  300.0 -35.398200 148.980000
  310.0 -35.398110 148.980000
  320.0 -35.398020 148.980000
  330.0 -35.397930 148.980000
  340.0 -35.397840 148.980000
  350.0 -35.397750 148.980000   
  360.0 -35.397660 148.980000
  370.0 -35.397570 148.980000
  380.0 -35.397480 148.980000
  390.0 -35.397390 148.980000
  400.0 -35.397300 148.980000
  410.0 -35.397210 148.980000
  420.0 -35.397120 148.980000
  430.0 -35.397030 148.980000
  440.0 -35.396940 148.980000
  450.0 -35.396850 148.980000   
  460.0 -35.396760 148.980000
  470.0 -35.396670 148.980000
  480.0 -35.396580 148.980000
  490.0 -35.396490 148.980000
  500.0 -35.396400 148.980000
  510.0 -35.396310 148.980000
  520.0 -35.396220 148.980000
  530.0 -35.396130 148.980000
  540.0 -35.396040 148.980000
  550.0 -35.395950 148.980000   
  560.0 -35.395860 148.980000
  570.0 -35.395770 148.980000
  580.0 -35.395680 148.980000
  590.0 -35.395590 148.980000
  600.0 -35.395500 148.980000
  610.0 -35.395410 148.980000
  620.0 -35.395320 148.980000
  630.0 -35.395230 148.980000
  640.0 -35.395140 148.980000
  650.0 -35.395050 148.980000   
  660.0 -35.394960 148.980000
  670.0 -35.394870 148.980000
  680.0 -35.394780 148.980000
  690.0 -35.394690 148.980000
  700.0 -35.394600 148.980000
  710.0 -35.394510 148.980000
  720.0 -35.394420 148.980000
  730.0 -35.394330 148.980000
  740.0 -35.394240 148.980000
  750.0 -35.394150 148.980000   
  760.0 -35.394060 148.980000
  770.0 -35.393970 148.980000
  780.0 -35.393880 148.980000
  790.0 -35.393790 148.980000
  800.0 -35.393700 148.980000
  810.0 -35.393610 148.980000
  820.0 -35.393520 148.980000
  830.0 -35.393430 148.980000
  840.0 -35.393340 148.980000
  850.0 -35.393250 148.980000   
  860.0 -35.393160 148.980000
  870.0 -35.393070 148.980000
  880.0 -35.392980 148.980000
  890.0 -35.392890 148.980000
  900.0 -35.392800 148.980000
  910.0 -35.392710 148.980000
  920.0 -35.392620 148.980000
  930.0 -35.392530 148.980000
  940.0 -35.392440 148.980000
  950.0 -35.392350 148.980000   
  960.0 -35.392260 148.980000
  970.0 -35.392170 148.980000
  980.0 -35.392080 148.980000
  990.0 -35.391990 148.980000
 1000.0 -35.391900 148.980000
 1010.0 -35.391810 148.980000
 1020.0 -35.391720 148.980000
 1030.0 -35.391630 148.980000
 1040.0 -35.391540 148.980000
 1050.0 -35.391450 148.980000   
 1060.0 -35.391360 148.980000
 1070.0 -35.391270 148.980000
 1080.0 -35.391180 148.980000
 1090.0 -35.391090 148.980000
 1100.0 -35.391000 148.980000